# Created by Octave 3.6.4, Sun Sep 29 15:36:37 2013 IST <anant@anant-Inspiron-N5010>
# name: av
# type: matrix
# rows: 553
# columns: 1
 3.706422018348624
 3.84
 2.697674418604651
 4.315789473684211
 2.957142857142857
 3.579881656804734
 3.981366459627329
 3.893617021276596
 4.5
 4.238095238095238
 3.482758620689655
 4.390243902439025
 3.19056974459725
 4.102564102564102
 2.951807228915662
 4.464285714285714
 3.090909090909091
 3.972972972972973
 3.5
 3.184210526315789
 2.832167832167832
 3.696078431372549
 3.669421487603306
 4.37037037037037
 4.080645161290323
 3.069767441860465
 3.35
 3.793650793650793
 3.777777777777778
 3.941176470588236
 3.96551724137931
 3.363636363636364
 3.842105263157895
 3.875
 3
 3.5
 3.760869565217391
 3.68041237113402
 3.611111111111111
 2.892857142857143
 3.761904761904762
 3.787671232876712
 3.830508474576271
 3.735537190082645
 3.763157894736842
 3.909090909090909
 3.7
 3.830188679245283
 2.738372093023256
 3.315789473684211
 3.833333333333333
 4.311111111111111
 3.909090909090909
 3.788461538461538
 3.705882352941177
 3.746666666666667
 3.635294117647059
 4.032520325203252
 4.016339869281046
 4.108433734939759
 3
 3.43010752688172
 3.162162162162162
 3.65
 3.9375
 3.5
 3.791666666666667
 3.407407407407407
 3.923076923076923
 3.580952380952381
 3.6
 3.827272727272727
 3.849056603773585
 3.709677419354839
 3.380952380952381
 3.666666666666667
 3.620689655172414
 3.352941176470588
 4.045454545454546
 3.826086956521739
 3.456521739130435
 3.238805970149254
 3.475806451612903
 3.981481481481481
 3.613043478260869
 3.333333333333333
 3.917159763313609
 3.764705882352941
 4.229508196721311
 4.3125
 3.987179487179487
 3.374193548387097
 3.4375
 3.74375
 3.603603603603604
 4.288888888888889
 4.2
 3.727272727272727
 3.605504587155963
 3.148936170212766
 3.037037037037037
 2.710982658959538
 3.652173913043478
 2.797752808988764
 3.611111111111111
 3.843137254901961
 2.777777777777778
 3.692307692307693
 3.53475935828877
 3.141509433962264
 3.736842105263158
 3.72972972972973
 3.609756097560976
 3.736842105263158
 4.013513513513513
 3.157894736842105
 4.057971014492754
 4.684210526315789
 4.020689655172414
 3.666666666666667
 3.64406779661017
 4.020408163265306
 3.976744186046512
 3.578947368421053
 3.636986301369863
 3.416666666666667
 4.333333333333333
 3.748299319727891
 2.541666666666667
 4.113475177304965
 4.125
 3.833333333333333
 3.238095238095238
 3.55
 3.386363636363636
 4.285714285714286
 4.473684210526316
 4.292682926829269
 4
 3.529411764705882
 3.546511627906977
 3.653846153846154
 4.0625
 3.696969696969697
 3.565217391304348
 3.608695652173913
 4.3125
 4.038461538461538
 2.862068965517242
 3.884615384615385
 4.097560975609756
 4.352941176470588
 2.888888888888889
 3.975609756097561
 2.666666666666667
 3.733333333333333
 3.902439024390244
 3.826086956521739
 3.453488372093023
 4.010416666666667
 2.630434782608696
 3.5
 3.444444444444445
 4.18
 3.958333333333333
 3.5
 3.472727272727273
 3.309090909090909
 3.833333333333333
 3.833333333333333
 3.5
 3.363636363636364
 4.294117647058823
 3.661971830985915
 3.966666666666667
 3.82
 3.673913043478261
 3.779816513761468
 3.088235294117647
 4.08
 1.609195402298851
 3.818181818181818
 3.142857142857143
 3.706467661691542
 4.105263157894737
 3.405405405405405
 4.088888888888889
 3.866666666666667
 4.033333333333333
 3.51063829787234
 3.727272727272727
 3.5
 3.185567010309278
 3.069672131147541
 3.428571428571428
 3.516129032258065
 3.446808510638298
 3.337931034482759
 3.25
 4.15606936416185
 3.055016181229774
 2.625
 3.558823529411764
 3.5
 3.055555555555555
 2.411764705882353
 3.298913043478261
 3.769230769230769
 3.115384615384615
 4.19811320754717
 3.366666666666667
 3.95
 4.316831683168317
 3.950980392156863
 3.716216216216216
 3.838095238095238
 3.016393442622951
 3.571428571428572
 3.772727272727273
 3.833333333333333
 3.692307692307693
 3.183870967741936
 3.107142857142857
 3.123893805309735
 4.454545454545454
 3.875
 3.5
 3.294117647058823
 2.708333333333333
 3.886792452830189
 3.588235294117647
 3.932432432432432
 4.340909090909091
 3.166666666666667
 4.013333333333334
 3.515151515151515
 4.105263157894737
 3.478260869565217
 4.165354330708661
 3.789473684210526
 3.388888888888889
 4.3125
 3.692307692307693
 3.678947368421053
 3.222222222222222
 3.08974358974359
 3.952380952380953
 3.555555555555555
 4.147286821705427
 3.846938775510204
 3.887096774193548
 4.529411764705882
 4.051282051282051
 3.110236220472441
 2.636363636363636
 4.078313253012048
 4.108695652173913
 3.722222222222222
 3.918918918918919
 3.789473684210526
 4.090909090909091
 3.1953125
 4.091836734693878
 4.395833333333333
 3.594594594594595
 3.5
 4.054054054054054
 3.141221374045802
 3.081395348837209
 4.290909090909091
 3.626126126126126
 4.439024390243903
 3.555555555555555
 4.192982456140351
 3.210526315789474
 3.603864734299517
 3.581395348837209
 4.222222222222222
 3.368876080691642
 3.529126213592233
 3.095238095238095
 3.666666666666667
 4.214285714285714
 3.631578947368421
 4
 3.739130434782609
 4.24
 3.966666666666667
 2.727272727272727
 3.425
 3.805907172995781
 4.232323232323233
 3.2
 3.583333333333333
 4.267515923566879
 4.177966101694915
 3.51948051948052
 4.098039215686274
 3.540178571428572
 3.5625
 3.6
 2.588235294117647
 3.573643410852713
 3.428571428571428
 3.421348314606742
 3.846153846153846
 3.9
 3.779874213836478
 3.625
 3.823529411764706
 3.868085106382979
 4.370786516853933
 3.676190476190476
 3.785714285714286
 3.985714285714286
 3.333333333333333
 3.666666666666667
 3.83453237410072
 3.444444444444445
 3.804878048780488
 3.8
 4.195121951219512
 3.661971830985915
 4.39622641509434
 3.412280701754386
 3.373333333333334
 3.273127753303965
 3.526548672566372
 3.461538461538462
 4.47457627118644
 3.714285714285714
 4.308219178082192
 3.857142857142857
 3.567669172932331
 3.611111111111111
 3.067307692307693
 4.037037037037037
 3.933333333333333
 4.03448275862069
 4.2
 3.882352941176471
 3.670807453416149
 4.031578947368421
 3.782894736842105
 3.774193548387097
 3.428571428571428
 3.748427672955975
 3.91304347826087
 3.242424242424242
 4.25
 4.142857142857143
 3.764705882352941
 3.45
 3.758064516129032
 4.047619047619047
 3.684210526315789
 4.19672131147541
 3.558823529411764
 4.045454545454546
 3.975609756097561
 3.865979381443299
 3.5
 3.108433734939759
 3.375
 3.478260869565217
 4.538461538461538
 4.217391304347826
 3.416666666666667
 4.111111111111111
 3.616666666666667
 4.146341463414634
 4.339622641509434
 3.806451612903226
 3.433789954337899
 3.909090909090909
 3.791666666666667
 4.153846153846154
 3.553333333333333
 4.044585987261146
 3.207692307692308
 3.901960784313725
 3.452380952380953
 4.368421052631579
 4.166666666666667
 3.208888888888889
 3.611111111111111
 3.419753086419753
 4.238095238095238
 3.774193548387097
 3.92
 3.783505154639175
 4.056179775280899
 3.371508379888268
 4.042016806722689
 4.043478260869565
 3.465116279069767
 3.975609756097561
 3.797101449275362
 2.96078431372549
 3.666666666666667
 3.147540983606557
 4.018518518518518
 3.85
 3.342857142857143
 2.008474576271186
 3.58029197080292
 3.574585635359116
 3.727272727272727
 3.703703703703704
 3
 3.739130434782609
 3.951219512195122
 3.675
 4.05
 4.210526315789473
 3.946700507614213
 3.325342465753425
 2.8125
 4.153846153846154
 4.137931034482759
 3.88
 3.5
 3.588235294117647
 3.314285714285715
 3.073619631901841
 3.839506172839506
 4.44
 3.977272727272727
 3.513595166163142
 3.557692307692307
 3.470588235294118
 3.76
 3.545454545454545
 3.542857142857143
 3.448844884488449
 3.793103448275862
 3.566666666666667
 4.076923076923077
 3.68
 4.121951219512195
 3.625
 3.210526315789474
 3.578947368421053
 3.894736842105263
 2.083333333333333
 2.793103448275862
 3.711711711711712
 3.266666666666667
 3.683333333333333
 3.925925925925926
 2.884615384615385
 3.527272727272727
 3.44
 3.068783068783069
 3.562913907284768
 3.408045977011494
 4.175675675675675
 3.732876712328767
 3.404255319148936
