# Created by Octave 3.6.4, Sun Sep 15 23:17:03 2013 IST <anant@anant-Inspiron-N5010>
# name: av
# type: matrix
# rows: 7
# columns: 1
 3.610294117647059
 3.709677419354839
 2.796296296296296
 4.333333333333333
 2.874285714285714
 3.635071090047393
 4.064356435643564


