# Created by Octave 3.6.4, Sun Sep 15 19:11:10 2013 IST <anant@anant-Inspiron-N5010>
# name: av
# type: matrix
# rows: 93
# columns: 1
 3.610294117647059
 3.709677419354839
 2.796296296296296
 4.333333333333333
 2.874285714285714
 3.635071090047393
 3.965260545905707
 3.796610169491526
 4.272727272727272
 4.206521739130435
 3.464088397790055
 4.392156862745098
 3.09748427672956
 4.091836734693878
 2.875
 4.328571428571428
 3.035714285714286
 3.88086642599278
 3.55
 3.104166666666667
 2.670391061452514
 3.3515625
 3.635761589403974
 4.323529411764706
 4.051282051282051
 2.94392523364486
 3.24
 3.721518987341772
 3.647058823529412
 3.767441860465116
 3.916666666666667
 3.317073170731707
 3.708333333333333
 4.05
 3
 3.8
 3.649122807017544
 3.71900826446281
 3.772727272727273
 2.885714285714286
 3.769230769230769
 3.726775956284153
 3.710407239819005
 3.649006622516556
 3.604166666666667
 4.111111111111111
 3.64
 3.787878787878788
 2.683720930232558
 3.541666666666667
 3.565217391304348
 4.267857142857143
 3.821428571428572
 3.692307692307693
 3.285714285714286
 3.641711229946524
 3.5
 3.837662337662338
 3.93455497382199
 4.086538461538462
 2.952380952380953
 3.301724137931035
 3.118279569892473
 3.585
 3.9375
 3.473684210526316
 3.766666666666667
 3.029411764705882
 3.846153846153846
 3.465648854961832
 3.789473684210526
 3.817518248175182
 3.727272727272727
 3.641025641025641
 3.278481012658228
 3.560975609756098
 3.611111111111111
 3.380952380952381
 4
 3.758620689655173
 3.293103448275862
 3.071428571428572
 3.419354838709677
 3.852941176470588
 3.538194444444445
 3.521739130434783
 3.791469194312796
 3.952380952380953
 4.039473684210527
 4.223333333333334
 3.887755102040817
 3.244845360824742
 3.35


