# Created by Octave 3.6.4, Sun Sep 15 23:17:03 2013 IST <anant@anant-Inspiron-N5010>
# name: pred
# type: matrix
# rows: 509
# columns: 3
 1 6 5
 1 10 3
 1 12 5
 1 14 5
 1 17 3
 1 20 4
 1 23 4
 1 24 3
 1 27 2
 1 31 3
 1 33 4
 1 36 2
 1 39 4
 1 44 5
 1 47 4
 1 49 3
 1 51 4
 1 53 3
 1 54 3
 1 56 4
 1 60 5
 1 61 4
 1 62 3
 1 64 5
 1 65 4
 1 67 3
 1 69 3
 1 70 3
 1 72 4
 1 73 3
 1 74 1
 1 76 4
 1 78 1
 1 80 4
 1 81 5
 1 82 5
 1 84 4
 1 85 3
 1 86 4
 1 90 4
 1 91 5
 1 92 3
 1 96 5
 1 97 3
 1 98 4
 1 100 5
 1 102 2
 1 103 1
 1 104 1
 1 107 4
 1 108 5
 1 112 1
 1 113 5
 1 114 5
 1 117 3
 1 118 3
 1 120 1
 1 121 4
 1 125 3
 1 128 4
 1 129 5
 1 130 3
 1 132 4
 1 134 4
 1 140 2
 1 143 2
 1 145 2
 1 148 2
 1 150 5
 1 151 4
 1 154 4
 1 155 2
 1 157 4
 1 159 3
 1 160 4
 1 161 4
 1 163 4
 1 164 3
 1 170 5
 1 171 5
 1 174 5
 1 175 5
 1 177 5
 1 180 3
 1 183 5
 1 184 4
 1 185 4
 1 186 4
 1 188 3
 1 189 3
 1 190 5
 1 193 4
 1 196 5
 1 200 3
 1 201 3
 1 202 4
 1 206 4
 1 208 5
 1 209 4
 1 210 4
 1 212 3
 1 213 2
 1 214 4
 1 215 3
 1 218 3
 1 219 1
 1 221 5
 1 222 4
 1 224 5
 1 225 2
 1 226 3
 1 227 4
 1 228 5
 1 229 4
 1 230 4
 1 232 3
 1 233 2
 1 235 5
 1 236 4
 1 241 4
 1 242 5
 1 243 1
 1 248 4
 1 250 4
 1 252 2
 1 253 5
 1 254 1
 1 255 2
 1 258 4
 1 259 1
 1 260 2
 1 262 3
 1 264 2
 1 265 4
 1 266 1
 1 267 4
 1 272 3
 2 13 4
 2 19 4
 2 50 5
 2 251 5
 2 257 4
 2 279 4
 2 280 3
 2 281 3
 2 290 3
 2 292 4
 2 297 4
 2 298 3
 2 299 4
 2 301 4
 2 303 4
 2 307 4
 2 308 3
 2 312 3
 2 313 5
 2 314 1
 2 315 1
 2 316 5
 3 245 1
 3 264 2
 3 272 3
 3 294 2
 3 299 3
 3 300 3
 3 307 3
 3 318 4
 3 323 2
 3 324 2
 3 327 4
 3 328 4
 3 330 2
 3 331 4
 3 332 1
 3 334 3
 3 335 1
 3 337 1
 3 341 1
 3 343 3
 3 345 3
 3 348 4
 3 349 3
 3 350 3
 3 351 3
 3 354 3
 4 50 5
 4 260 4
 4 264 3
 4 288 4
 4 294 3
 4 303 5
 4 354 5
 4 356 3
 4 357 5
 4 361 5
 5 1 4
 5 2 3
 5 17 4
 5 24 4
 5 40 4
 5 42 5
 5 62 4
 5 69 2
 5 79 3
 5 80 2
 5 89 5
 5 90 3
 5 94 3
 5 98 3
 5 100 5
 5 102 3
 5 109 5
 5 110 1
 5 139 3
 5 143 2
 5 144 3
 5 153 4
 5 154 3
 5 167 2
 5 173 4
 5 176 3
 5 185 3
 5 209 5
 5 211 4
 5 214 3
 5 219 2
 5 222 4
 5 225 2
 5 227 4
 5 230 3
 5 231 2
 5 234 2
 5 241 1
 5 243 1
 5 259 1
 5 267 4
 5 363 3
 5 364 1
 5 369 1
 5 370 1
 5 372 3
 5 376 2
 5 377 1
 5 379 3
 5 382 5
 5 384 3
 5 385 4
 5 388 2
 5 389 1
 5 391 4
 5 393 2
 5 394 2
 5 397 2
 5 400 1
 5 402 1
 5 403 3
 5 407 3
 5 410 1
 5 411 1
 5 413 3
 5 417 3
 5 418 3
 5 421 1
 5 422 4
 5 423 4
 5 424 1
 5 426 3
 5 428 5
 5 429 3
 5 433 5
 5 435 4
 5 436 5
 5 439 1
 5 441 1
 5 444 2
 5 445 3
 5 453 1
 5 454 1
 5 457 1
 6 14 5
 6 15 3
 6 19 4
 6 23 4
 6 28 3
 6 32 4
 6 56 4
 6 59 5
 6 69 3
 6 70 3
 6 81 4
 6 86 4
 6 87 4
 6 95 3
 6 98 4
 6 100 5
 6 117 2
 6 124 5
 6 125 3
 6 131 4
 6 133 4
 6 134 4
 6 135 5
 6 136 5
 6 143 2
 6 151 3
 6 154 4
 6 156 4
 6 175 4
 6 180 4
 6 183 4
 6 187 4
 6 188 3
 6 189 3
 6 193 4
 6 195 4
 6 197 5
 6 199 4
 6 204 4
 6 205 3
 6 208 4
 6 209 4
 6 211 5
 6 213 3
 6 221 4
 6 238 5
 6 248 3
 6 258 3
 6 269 4
 6 275 4
 6 276 3
 6 284 3
 6 286 3
 6 294 2
 6 297 3
 6 301 3
 6 304 4
 6 318 4
 6 357 4
 6 423 4
 6 432 4
 6 458 1
 6 459 2
 6 463 4
 6 466 4
 6 467 4
 6 469 5
 6 470 3
 6 471 2
 6 475 5
 6 476 1
 6 477 1
 6 478 4
 6 479 5
 6 480 4
 6 481 5
 6 483 5
 6 484 5
 6 486 4
 6 487 5
 6 488 5
 6 492 5
 6 498 4
 6 499 4
 6 500 4
 6 506 4
 6 508 3
 6 509 4
 6 511 5
 6 513 4
 6 515 4
 6 517 4
 6 518 3
 6 521 4
 6 523 5
 6 524 3
 6 525 5
 6 526 3
 6 528 4
 6 532 3
 6 534 4
 7 7 4
 7 8 4
 7 10 3
 7 22 5
 7 28 4
 7 32 4
 7 44 5
 7 53 5
 7 54 3
 7 72 5
 7 78 3
 7 79 4
 7 81 5
 7 82 3
 7 89 5
 7 90 3
 7 92 5
 7 93 5
 7 101 5
 7 106 4
 7 118 2
 7 121 5
 7 126 3
 7 127 5
 7 131 5
 7 133 5
 7 136 5
 7 139 3
 7 142 3
 7 151 4
 7 153 5
 7 154 5
 7 156 5
 7 161 3
 7 162 5
 7 163 4
 7 166 4
 7 168 5
 7 171 3
 7 172 5
 7 174 5
 7 176 4
 7 177 4
 7 181 4
 7 182 4
 7 183 4
 7 185 5
 7 188 4
 7 190 5
 7 191 5
 7 193 5
 7 195 5
 7 196 5
 7 200 4
 7 203 5
 7 205 4
 7 207 4
 7 208 5
 7 210 4
 7 212 2
 7 223 5
 7 226 5
 7 227 4
 7 228 5
 7 232 3
 7 241 4
 7 259 2
 7 260 2
 7 264 3
 7 266 4
 7 268 4
 7 269 4
 7 273 3
 7 281 3
 7 285 5
 7 288 4
 7 300 4
 7 307 4
 7 334 5
 7 378 5
 7 382 4
 7 385 5
 7 389 4
 7 393 4
 7 396 4
 7 399 4
 7 401 4
 7 404 5
 7 418 4
 7 420 5
 7 423 5
 7 428 5
 7 430 4
 7 431 4
 7 432 4
 7 435 5
 7 448 3
 7 450 2
 7 451 2
 7 455 5
 7 461 4
 7 471 2
 7 472 1
 7 479 5
 7 480 4
 7 481 5
 7 482 4
 7 483 5
 7 484 5
 7 485 5
 7 489 5
 7 491 4
 7 492 5
 7 495 4
 7 496 4
 7 497 4
 7 498 4
 7 501 5
 7 504 3
 7 505 4
 7 511 5
 7 514 5
 7 515 4
 7 519 5
 7 520 4
 7 526 3
 7 528 4
 7 530 4
 7 537 4


