# Created by Octave 3.6.4, Sun Sep 15 19:11:28 2013 IST <anant@anant-Inspiron-N5010>
# name: pred
# type: matrix
# rows: 4600
# columns: 3
 1 6 4
 1 10 4
 1 12 4
 1 14 4
 1 17 3
 1 20 3
 1 23 4
 1 24 3
 1 27 3
 1 31 3
 1 33 3
 1 36 2
 1 39 4
 1 44 5
 1 47 4
 1 49 4
 1 51 3
 1 53 3
 1 54 3
 1 56 4
 1 60 4
 1 61 4
 1 62 4
 1 64 5
 1 65 4
 1 67 3
 1 69 3
 1 70 3
 1 72 4
 1 73 3
 1 74 1
 1 76 4
 1 78 2
 1 80 4
 1 81 4
 1 82 4
 1 84 4
 1 85 3
 1 86 4
 1 90 3
 1 91 4
 1 92 4
 1 96 4
 1 97 4
 1 98 4
 1 100 4
 1 102 2
 1 103 1
 1 104 1
 1 107 4
 1 108 4
 1 112 2
 1 113 5
 1 114 5
 1 117 4
 1 118 3
 1 120 2
 1 121 4
 1 125 3
 1 128 3
 1 129 4
 1 130 3
 1 132 4
 1 134 4
 1 140 2
 1 143 3
 1 145 2
 1 148 3
 1 150 4
 1 151 3
 1 154 4
 1 155 3
 1 157 4
 1 159 3
 1 160 4
 1 161 4
 1 163 4
 1 164 4
 1 170 4
 1 171 4
 1 174 4
 1 175 4
 1 177 4
 1 180 4
 1 183 4
 1 184 4
 1 185 4
 1 186 4
 1 188 3
 1 189 4
 1 190 5
 1 193 4
 1 196 4
 1 200 4
 1 201 3
 1 202 4
 1 206 4
 1 208 4
 1 209 4
 1 210 4
 1 212 4
 1 213 3
 1 214 4
 1 215 4
 1 218 3
 1 219 3
 1 221 4
 1 222 4
 1 224 5
 1 225 3
 1 226 4
 1 227 4
 1 228 4
 1 229 3
 1 230 4
 1 232 3
 1 233 3
 1 235 3
 1 236 4
 1 241 4
 1 242 4
 1 243 2
 1 248 4
 1 250 4
 1 252 3
 1 253 5
 1 254 2
 1 255 3
 1 258 4
 1 259 2
 1 260 2
 1 262 4
 1 264 3
 1 265 4
 1 266 2
 1 267 4
 1 272 4
 2 13 4
 2 19 4
 2 50 4
 2 251 4
 2 257 4
 2 279 4
 2 280 4
 2 281 4
 2 290 4
 2 292 4
 2 297 4
 2 298 4
 2 299 4
 2 301 4
 2 303 4
 2 307 3
 2 308 4
 2 312 4
 2 313 4
 2 314 1
 2 315 4
 2 316 4
 3 245 2
 3 264 2
 3 272 3
 3 294 2
 3 299 3
 3 300 3
 3 307 2
 3 318 4
 3 323 2
 3 324 3
 3 327 3
 3 328 3
 3 330 3
 3 331 3
 3 332 3
 3 334 3
 3 335 1
 3 337 2
 3 341 1
 3 343 2
 3 345 3
 3 348 3
 3 349 3
 3 350 3
 3 351 3
 3 354 3
 4 50 5
 4 260 3
 4 264 4
 4 288 4
 4 294 4
 4 303 4
 4 354 4
 4 356 4
 4 357 5
 4 361 5
 5 1 3
 5 2 3
 5 17 3
 5 24 3
 5 40 3
 5 42 4
 5 62 3
 5 69 3
 5 79 3
 5 80 2
 5 89 4
 5 90 2
 5 94 3
 5 98 3
 5 100 4
 5 102 2
 5 109 3
 5 110 1
 5 139 3
 5 143 3
 5 144 3
 5 153 4
 5 154 3
 5 167 2
 5 173 4
 5 176 3
 5 185 3
 5 209 4
 5 211 3
 5 214 3
 5 219 2
 5 222 3
 5 225 2
 5 227 3
 5 230 3
 5 231 2
 5 234 3
 5 241 2
 5 243 2
 5 259 2
 5 267 4
 5 363 3
 5 364 1
 5 369 1
 5 370 1
 5 372 3
 5 376 2
 5 377 1
 5 379 3
 5 382 3
 5 384 3
 5 385 3
 5 388 2
 5 389 2
 5 391 3
 5 393 3
 5 394 2
 5 397 2
 5 400 1
 5 402 3
 5 403 3
 5 407 3
 5 410 2
 5 411 2
 5 413 2
 5 417 3
 5 418 3
 5 421 2
 5 422 4
 5 423 3
 5 424 1
 5 426 3
 5 428 4
 5 429 3
 5 433 4
 5 435 4
 5 436 4
 5 439 1
 5 441 1
 5 444 2
 5 445 3
 5 453 1
 5 454 1
 5 457 1
 6 14 4
 6 15 4
 6 19 4
 6 23 4
 6 28 4
 6 32 4
 6 56 4
 6 59 4
 6 69 4
 6 70 3
 6 81 4
 6 86 4
 6 87 4
 6 95 4
 6 98 4
 6 100 4
 6 117 4
 6 124 4
 6 125 3
 6 131 4
 6 133 4
 6 134 4
 6 135 4
 6 136 4
 6 143 3
 6 151 4
 6 154 4
 6 156 4
 6 175 4
 6 180 4
 6 183 4
 6 187 5
 6 188 3
 6 189 4
 6 193 3
 6 195 4
 6 197 4
 6 199 4
 6 204 4
 6 205 4
 6 208 4
 6 209 4
 6 211 4
 6 213 4
 6 221 3
 6 238 4
 6 248 4
 6 258 4
 6 269 4
 6 275 4
 6 276 4
 6 284 3
 6 286 4
 6 294 3
 6 297 3
 6 301 4
 6 304 4
 6 318 4
 6 357 4
 6 423 4
 6 432 4
 6 458 2
 6 459 2
 6 463 4
 6 466 4
 6 467 4
 6 469 5
 6 470 3
 6 471 3
 6 475 4
 6 476 3
 6 477 3
 6 478 4
 6 479 4
 6 480 4
 6 481 5
 6 483 5
 6 484 5
 6 486 4
 6 487 4
 6 488 4
 6 492 4
 6 498 4
 6 499 4
 6 500 4
 6 506 4
 6 508 4
 6 509 4
 6 511 4
 6 513 4
 6 515 4
 6 517 4
 6 518 4
 6 521 4
 6 523 4
 6 524 3
 6 525 4
 6 526 3
 6 528 4
 6 532 3
 6 534 4
 7 7 4
 7 8 5
 7 10 4
 7 22 5
 7 28 4
 7 32 4
 7 44 5
 7 53 4
 7 54 3
 7 72 4
 7 78 3
 7 79 4
 7 81 5
 7 82 4
 7 89 5
 7 90 3
 7 92 5
 7 93 4
 7 101 4
 7 106 4
 7 118 4
 7 121 4
 7 126 4
 7 127 4
 7 131 4
 7 133 4
 7 136 4
 7 139 3
 7 142 3
 7 151 4
 7 153 4
 7 154 4
 7 156 4
 7 161 4
 7 162 4
 7 163 4
 7 166 4
 7 168 4
 7 171 4
 7 172 5
 7 174 5
 7 176 4
 7 177 4
 7 181 4
 7 182 4
 7 183 5
 7 185 4
 7 188 4
 7 190 5
 7 191 5
 7 193 4
 7 195 5
 7 196 4
 7 200 4
 7 203 4
 7 205 4
 7 207 4
 7 208 5
 7 210 4
 7 212 3
 7 223 5
 7 226 4
 7 227 4
 7 228 4
 7 232 3
 7 241 4
 7 259 3
 7 260 2
 7 264 3
 7 266 4
 7 268 4
 7 269 4
 7 273 4
 7 281 4
 7 285 4
 7 288 4
 7 300 4
 7 307 4
 7 334 4
 7 378 4
 7 382 4
 7 385 4
 7 389 4
 7 393 4
 7 396 4
 7 399 4
 7 401 4
 7 404 4
 7 418 4
 7 420 4
 7 423 4
 7 428 5
 7 430 4
 7 431 4
 7 432 4
 7 435 5
 7 448 3
 7 450 3
 7 451 4
 7 455 4
 7 461 4
 7 471 4
 7 472 3
 7 479 4
 7 480 4
 7 481 5
 7 482 4
 7 483 5
 7 484 5
 7 485 4
 7 489 4
 7 491 4
 7 492 5
 7 495 4
 7 496 5
 7 497 4
 7 498 5
 7 501 4
 7 504 5
 7 505 4
 7 511 5
 7 514 4
 7 515 4
 7 519 4
 7 520 5
 7 526 4
 7 528 5
 7 530 5
 7 537 3
 7 541 2
 7 542 4
 7 543 3
 7 548 5
 7 550 4
 7 553 3
 7 554 3
 7 555 4
 7 559 4
 7 560 3
 7 562 5
 7 563 2
 7 564 3
 7 567 2
 7 570 3
 7 576 4
 7 579 4
 7 580 4
 7 581 5
 7 582 4
 7 587 4
 7 589 5
 7 599 1
 7 604 4
 7 608 4
 7 614 5
 7 618 4
 7 619 3
 7 621 5
 7 622 4
 7 623 3
 7 624 4
 7 626 5
 7 627 3
 7 630 4
 7 633 4
 7 636 4
 7 637 4
 7 642 4
 7 643 4
 7 644 4
 7 645 4
 7 647 4
 7 648 5
 7 650 3
 7 653 4
 7 654 5
 7 657 4
 7 658 3
 7 659 5
 7 661 5
 7 662 4
 7 667 5
 7 669 1
 7 673 4
 7 674 2
 7 675 5
 7 676 4
 7 680 4
 7 681 2
 7 683 4
 8 7 4
 8 22 5
 8 50 4
 8 56 4
 8 79 4
 8 89 4
 8 127 4
 8 144 4
 8 172 4
 8 176 4
 8 182 4
 8 183 4
 8 188 4
 8 190 4
 8 210 4
 8 258 4
 8 294 3
 8 301 4
 8 338 3
 8 385 4
 8 457 1
 8 511 5
 8 550 4
 8 568 4
 8 651 4
 8 685 4
 8 686 3
 8 687 1
 8 689 4
 9 6 5
 9 286 4
 9 298 5
 9 340 4
 9 479 5
 9 487 5
 9 507 4
 9 521 4
 9 527 4
 9 691 5
 10 1 5
 10 4 4
 10 7 4
 10 13 4
 10 16 4
 10 22 5
 10 48 5
 10 56 5
 10 64 5
 10 98 5
 10 99 5
 10 100 5
 10 124 5
 10 127 5
 10 132 5
 10 133 4
 10 135 5
 10 144 4
 10 155 4
 10 156 4
 10 160 4
 10 164 5
 10 168 5
 10 175 5
 10 176 4
 10 183 5
 10 186 4
 10 191 5
 10 194 5
 10 195 5
 10 199 5
 10 200 4
 10 203 4
 10 218 4
 10 223 5
 10 234 4
 10 269 4
 10 275 5
 10 283 4
 10 285 5
 10 289 3
 10 294 4
 10 321 4
 10 340 4
 10 367 4
 10 371 4
 10 385 4
 10 418 4
 10 420 4
 10 435 5
 10 447 4
 10 461 4
 10 463 4
 10 474 5
 10 475 5
 10 483 5
 10 486 4
 10 488 5
 10 489 5
 10 493 5
 10 495 4
 10 496 5
 10 497 4
 10 498 5
 10 504 5
 10 505 4
 10 509 4
 10 519 5
 10 521 4
 10 558 4
 10 588 4
 10 603 5
 10 611 5
 10 615 4
 10 651 5
 10 652 4
 10 655 5
 10 656 5
 10 657 5
 10 695 3
 10 696 4
 10 698 4
 10 702 4
 10 703 4
 10 704 3
 10 705 4
 10 706 4
 10 710 4
 10 711 4
 10 712 4
 11 9 4
 11 12 4
 11 22 4
 11 38 3
 11 40 3
 11 47 3
 11 51 3
 11 90 2
 11 94 3
 11 97 3
 11 100 4
 11 109 3
 11 110 3
 11 111 3
 11 120 2
 11 135 4
 11 175 4
 11 185 4
 11 190 4
 11 191 4
 11 194 4
 11 203 4
 11 204 4
 11 215 4
 11 216 4
 11 227 3
 11 230 3
 11 241 3
 11 260 2
 11 268 4
 11 277 4
 11 291 3
 11 300 3
 11 312 3
 11 350 4
 11 383 2
 11 395 2
 11 402 4
 11 425 4
 11 428 4
 11 429 4
 11 435 4
 11 455 3
 11 517 3
 11 521 3
 11 524 3
 11 558 4
 11 561 2
 11 573 3
 11 597 3
 11 652 4
 11 660 4
 11 663 4
 11 710 3
 11 713 4
 11 714 4
 11 720 3
 11 721 3
 11 722 3
 11 723 4
 11 725 3
 11 726 3
 11 730 4
 11 732 4
 11 733 4
 11 734 3
 11 735 3
 11 736 4
 11 739 3
 11 740 3
 11 741 4
 11 743 3
 11 744 4
 11 746 4
 11 751 3
 11 752 4
 12 15 5
 12 28 5
 12 50 5
 12 71 4
 12 82 4
 12 96 5
 12 97 4
 12 132 5
 12 143 4
 12 157 5
 12 172 5
 12 191 5
 12 196 5
 12 200 4
 12 204 5
 12 276 4
 12 282 4
 12 300 4
 12 318 5
 12 381 4
 12 402 5
 12 471 4
 12 684 5
 12 735 4
 12 753 5
 12 754 5
 13 2 3
 13 11 3
 13 14 4
 13 21 2
 13 24 3
 13 25 3
 13 27 3
 13 29 2
 13 40 2
 13 42 4
 13 45 3
 13 48 4
 13 56 4
 13 59 4
 13 61 4
 13 64 4
 13 66 3
 13 71 3
 13 72 4
 13 73 3
 13 88 3
 13 90 2
 13 94 3
 13 97 3
 13 98 4
 13 100 4
 13 109 3
 13 118 3
 13 121 3
 13 124 4
 13 137 4
 13 144 4
 13 147 3
 13 150 4
 13 153 4
 13 154 4
 13 161 4
 13 167 3
 13 168 4
 13 173 4
 13 178 4
 13 180 4
 13 181 4
 13 185 3
 13 186 4
 13 190 4
 13 195 4
 13 196 4
 13 198 3
 13 201 2
 13 208 4
 13 210 3
 13 212 4
 13 215 4
 13 217 2
 13 219 2
 13 226 3
 13 229 3
 13 230 3
 13 232 3
 13 238 3
 13 243 2
