# Created by Octave 3.6.4, Sun Sep 15 19:11:07 2013 IST <anant@anant-Inspiron-N5010>
# name: sim
# type: matrix
# rows: 93
# columns: 93
 0.9999999999999997 0.3099933780368528 0.1728668092600104 0.3145762058995568 0.2880185523513878 0.2620423010759317 0.2033098497934255 -0.0393994741681905 0.2413674240859458 0.2354280510266848 0.2615315358429066 0.1761313099300221 0.2718917049013077 0.2885177150394249 0.07710096372804423 0.1467376998378122 0.3022105676426929 0.03736627817097735 0.3339679714260215 0.3210365924339434 0.1319001589444087 0.1652603980712589 0.1351898610805434 0.3108946579545954 0.2669376530044285 0.1426308039754305 0.3100022469702561 0.3442302814202465 0.1752362051614735 0.1701933762690101 0.3020969243265769 0.3342974456897738 0.3077649292694831 0.3007443001974489 0.2818667825924619 0.3166744402865935 0.3433416390733324 0.1717344107479143 0.3348074564888322 0.2694684966362335 0.2715592781624672 -0.03092426412883656 0.1646016539557016 0.2575174303311624 0.2830730570741421 0.3419368256892826 0.3455085615832081 0.2584426414483814 0.04184816420246319 0.327358085697826 0.201800223943948 0.2435712870356241 0.2127401231325399 0.1417854525668089 0.3050724631289675 0.2319654502290613 0.1904667888421803 0.3308912289583349 0.1757814292531213 0.1572433905613118 0.2945993877593394 0.1569719816083314 0.1598245122507313 0.1680326001739694 0.2376971204660712 0.2098815921747985 0.295549330417624 0.1301481071717508 0.2246217597106468 0.07471547564128105 0.3609240079704231 0.1152095824650775 0.1172995673823106 0.3367080888998213 0.3063634376322972 0.3415242545356648 0.3471535044554626 0.3038718758589986 0.3048503215939938 0.3011573771837098 0.2733239981025968 0.2425195566890806 0.03319216038496792 0.1586282248582688 0.2064731185846574 0.3382212980281539 0.2639685483022914 0.3298283595444246 0.215413796221245 0.2890484200173467 0.0835958818337508 0.0003164480312554837 0.3331788906355448
 0.3099933780368528 0.9999999999999999 0.5362992763261379 0.8033158965774024 0.2362239492531227 0.4630637797104781 0.3882375006552431 0.3885420260946044 0.7147594622620046 0.6313736383801534 0.7873835215160589 0.6123639207927348 0.2297888724770827 0.6201487717053733 0.3833119788520113 0.4567936477177667 0.8066530922201184 0.4709052797169194 0.866601442932716 0.757966242099462 0.3026142634899175 0.420167052559432 0.4459433561121861 0.8256132464632668 0.7913445741577176 0.4345394679320576 0.7311095528689202 0.5629458191910232 0.5241107138524715 0.5975046309346418 0.824180362812153 0.7712014962517906 0.8258210708290946 0.695295192309664 0.7280455254348955 0.7921716255835253 0.7616890979388696 0.318238695685642 0.9144905264020273 0.6776132290198934 0.6875163102420832 0.449714148868912 0.4368701008554536 0.7782939157129802 0.6976905114246745 0.8274432582826342 0.8859691612569872 0.7778699599707201 0.2091472249746611 0.7872443805981298 0.5612166135726153 0.6082934308275264 0.5142539381498624 0.4496644522787267 0.8175719317747225 0.456517977230058 0.4897877194067256 0.6418192658173062 0.3448489833433004 0.5541347545084512 0.6892551117496563 0.3798319836760833 0.4678771807812107 0.5650624770164069 0.4539082465201945 0.6406268096422725 0.9253986140044712 0.4685301021454651 0.5998801837515911 0.5351130199337349 0.8469750174149197 0.5097307609603637 0.4315758585283026 0.8897163150933126 0.775079866382268 0.7812465242589067 0.7906673888869613 0.9173073165200656 0.6651899739742946 0.7317974386527122 0.5157007805742253 0.2631436545639801 0.5013250838926117 0.4924174179655366 0.5286529650541151 0.8288832448362384 0.4337959142800977 0.8837271567305233 0.4483763003093118 0.4294832080298184 0.3336688870867303 0.3551960837178342 0.8710176102222965
 0.1728668092600104 0.5362992763261379 0.9999999999999999 0.4871538510836378 0.1313165903449149 0.2501989312272359 0.1928609756774148 0.38787515423695 0.3862145081203598 0.3629494143360519 0.569439746094708 0.3486402283515415 0.1524864746097686 0.3890340293346188 0.2990676363641154 0.3422948904305633 0.675738557900552 0.311626710883962 0.6321621923413843 0.6130073370949546 0.3669856927177164 0.2555750889537183 0.3426339915693442 0.4697489865333991 0.4481661653047846 0.5135485846080783 0.654025309818102 0.4461901493835027 0.3898831677648162 0.4833986819157408 0.5647708883684188 0.580090245325537 0.5570149553789007 0.4373965712029323 0.7165780793905097 0.5914449145252489 0.5481648864571913 0.2621981528737491 0.5870568917699646 0.6506545731270692 0.4798912955738517 0.3521914987930189 0.3320393670395265 0.5614907259582508 0.533360137207176 0.4991370152724512 0.592107629079087 0.5389220946693257 0.1796105829334573 0.6312055324838293 0.4002230180172416 0.3525913515757545 0.3894262767724405 0.2828696845397912 0.6618249249743012 0.2565072001398617 0.3608663365231861 0.4277977468959607 0.2262227720106453 0.2999851684032973 0.7208345408388248 0.3279563226530833 0.4445501882637961 0.4190779097801118 0.3650707509532316 0.3781209074240105 0.5498748216259369 0.4376325242524567 0.3833450620567664 0.3818588280494237 0.533729888279237 0.2867765249357296 0.3641755876325343 0.5714871462972106 0.6385600035545013 0.5638368456004295 0.6111654384980889 0.6112118681030978 0.4560300583308839 0.392014399849921 0.4257006095417368 0.1369259020962212 0.3292913735564279 0.3185181901579054 0.3758775428648934 0.6530528551667442 0.2827817033825791 0.5624883822215286 0.2456833172598939 0.2947877758303367 0.270543193723 0.410229574846578 0.6603396082251016
 0.3145762058995568 0.8033158965774024 0.4871538510836378 1 0.171943214298666 0.4770615185284721 0.4083106536713165 0.3797124270799948 0.6937865864482676 0.575424883675591 0.7300981295745708 0.6271457354603374 0.2142102643815953 0.6207264388614411 0.2889408460585711 0.5543626258455929 0.5817642218790197 0.4262786732416032 0.7630078752995085 0.5910375052902763 0.3313156331513032 0.3869202231078334 0.4394950908646732 0.9116593914919803 0.7212540232806826 0.3451834782384619 0.6108803407691877 0.5481546962522132 0.5153675457686346 0.5617102294870783 0.8718316043956126 0.6540463939062479 0.6164953747734486 0.8246175160167926 0.6409242004372543 0.8758831172345198 0.7101711681562967 0.3898926123648227 0.8454152313283863 0.5105940358982982 0.6343311199754029 0.3947914273421288 0.4018367798474004 0.7442749219211537 0.6433113314431372 0.8763639688334496 0.8319765536797766 0.7397210206378815 0.2013108010446819 0.8917568926936723 0.5127361817702325 0.6581701088260401 0.4692232671720498 0.4063935043386282 0.7677920810234963 0.3964223564402334 0.462913378341815 0.6995868939412826 0.3552798695219908 0.5253985009729965 0.7082739389544392 0.3831266921007762 0.3739315350868906 0.4969034565135577 0.4447866227761152 0.491238447812493 0.8011651220841368 0.4150148975688822 0.5986425135991472 0.4485974413673536 0.8534146880704448 0.4855481923010113 0.4669946328932673 0.8030584173951786 0.7210669582591008 0.8179956176937355 0.8613799305251411 0.7972870233749012 0.790159225907056 0.6623665935077673 0.4680511476664777 0.2328611638502534 0.4185204143618733 0.4844777996783275 0.4816781599823415 0.8118480156305024 0.399501750314419 0.9215990857284349 0.492273846860571 0.4992458461805189 0.3133448334352293 0.2914145786845297 0.7567406718870531
 0.2880185523513878 0.2362239492531227 0.1313165903449149 0.171943214298666 1 0.1082566169175324 0.1838769018973586 0.07182923312043943 0.2333631782496294 0.1779435306192796 0.2342200225128055 0.09019077705252031 0.2445506396395088 0.1779579911165502 0.110427174192271 0.1115364994666106 0.2832875190398704 0.03050329049255679 0.2423816643050388 0.2962127611121268 0.07528359651473684 0.1066195901311307 0.2374372985368844 0.2176039777706537 0.1461532969721412 0.05476307056456711 0.2636780189992385 0.255316363252154 0.1658189414137664 0.2458711801930031 0.1870911603383144 0.2287604689312213 0.2410517427697608 0.1787568007738244 0.2758280723811145 0.2318887783604138 0.2459149217320992 0.1432658902035953 0.2214138452917875 0.2362490844138178 0.07569203474461739 0.1046797079111634 0.1107302765712967 0.2108841191263121 0.03804364318844287 0.196911446003596 0.2273795589873165 0.1470908479760587 0.1227310789528466 0.2328247814140645 0.1471192690319272 0.1612565781985857 0.1224509616819264 -0.02091069362313409 0.2825885100640792 0.1209274173168798 0.3691680625957801 0.1627095555492908 0.1085724038227747 0.08735225857700994 0.2710152099761778 0.1477843974291067 0.1563611973418139 0.1994910266808424 0.1260919604124474 0.1373614702386014 0.2516997332261543 0.1527402105736177 0.02477244939622952 0.1397104918164361 0.2199987187810805 0.06254186209852611 0.09175340804228797 0.2388539180398207 0.238455750156443 0.2382841330597771 0.2580846483701498 0.2610957433280163 0.1591613685290594 0.1934667328449475 0.2521326749350695 0.1662690808170128 0.0707290924418707 0.02959505587142853 -0.1129672977563684 0.3030193896736609 0.07831275636261975 0.2480138767434102 0.1219097236577909 0.1081785697027046 0.03020917034525761 0.07566936780792133 0.2556253776580266
 0.2620423010759317 0.4630637797104781 0.2501989312272359 0.4770615185284721 0.1082566169175324 0.9999999999999999 0.195154448870904 0.08396673441541357 0.3236924794713757 0.4257109978935136 0.5019054753279745 0.2675796241637525 0.1024392790926796 0.3444974053769109 0.1140374861847324 0.1795418517754676 0.4417342464787769 0.3045599460103193 0.5248953624890713 0.4084097475699078 0.2237685605920857 0.2460593567764635 0.335333914766006 0.4745859919213207 0.4555148042043715 0.2914485016227726 0.4639291065021645 0.2686830080854539 0.2791560135159627 0.1988429978970033 0.4974304368260357 0.4883115247611485 0.4882640184575737 0.4120408618644729 0.4661185033748241 0.4672430303466331 0.433230506957514 0.2942076183568235 0.5174064964015344 0.4399109740364686 0.4438283648714522 0.1287670141484646 0.1708937486106961 0.4985990744707858 0.4187412645778965 0.4729386787548897 0.4977836804555105 0.4854860376756149 0.2132493460565666 0.4689166869692389 0.3788860398552362 0.4497218502890745 0.231791472296103 0.1756911395943613 0.4250594788797052 0.2407243379518662 0.2308924289021607 0.4347156752286995 0.2556803863747144 0.4678197404614582 0.4558065269769776 0.2538768075313703 0.2445573117066703 0.3425181107797368 0.2071241720881052 0.3202321618928076 0.4771920283003973 0.3322626478174365 0.3240479670382407 0.3267752980501578 0.4757109719909225 0.282126833787217 0.2381199538550961 0.5178320848987993 0.4045759172901986 0.518576519595258 0.4847912644902642 0.4917498745957213 0.4518672897492957 0.2716205958865575 0.3006757874067428 0.1507965693938054 0.3108818986554882 0.3214305464385381 0.3990525010885486 0.4790220206046006 0.2092676589913951 0.4572666984271213 0.2060802974836879 0.09857762417582043 0.1477425831856037 0.1458115186227496 0.5114427652421318
 0.2033098497934255 0.3882375006552431 0.1928609756774148 0.4083106536713165 0.1838769018973586 0.195154448870904 0.9999999999999993 0.1638036079757968 0.2971399468479972 0.2251454804766695 0.3801690592041224 0.3469157496172584 0.07261523162167809 0.2585481294646037 0.2508988761409222 0.2685197255888493 0.320509422076559 0.1359379123243299 0.3697339020981214 0.3333054083601186 0.1039981931782241 0.08703306049039833 0.1801582990147996 0.4095434678767612 0.314723700498134 0.2048668776234807 0.3233884107315267 0.2531332703197861 0.2208792375320384 0.2035472073831831 0.3830850681304303 0.3307699775512344 0.3353431447722861 0.3634980517971826 0.3053036038464769 0.3927771169391653 0.2919811017107654 0.2060133157265696 0.4043489649824397 0.3437515780530953 0.4442080720675244 0.2250800548548089 0.2153928933198551 0.3295595464728803 0.3375084336735363 0.404916646476654 0.4000421550745254 0.322304796041536 -0.02700898744215221 0.3667473827955988 0.3360005266525928 0.3528876840153049 0.09806763976790921 0.1264019039675803 0.3579873688130851 0.2570813821573694 0.3502639305411741 0.3861538271390406 0.2715521036112866 0.2094730046174756 0.3277279590676429 0.09322284901386595 0.2043160688432828 0.2959294101684284 0.2981277388613472 0.2727181943466173 0.3621899151153926 0.03050499701092969 0.2035344168966947 0.2348339049576831 0.4110618721674841 0.2145057745783631 0.1825847332748399 0.3777567112896585 0.3978648981149747 0.3433723381353494 0.3825714000883317 0.3570691813963474 0.2936535215895283 0.3897597424249294 0.229568487478193 0.1212311698543743 0.1965058390970696 0.209838634304811 0.1776003079580888 0.3884543186490539 0.3014080877259037 0.4138036797984045 0.1833669349397846 0.1362176676885989 -0.04380366204943927 0.0849614747106946 0.3707292826342274
 -0.0393994741681905 0.3885420260946044 0.38787515423695 0.3797124270799948 0.07182923312043943 0.08396673441541357 0.1638036079757968 0.9999999999999996 0.3302055278605994 0.2904568838571677 0.3317376479553847 0.3193367615811002 0.0958584076732681 0.1307353359551545 0.187619113496626 0.3371886191203845 0.3567934602092376 0.2267206336042671 0.3813406102299874 0.3519524547835806 0.1919398718027694 0.1945117967149764 0.3730599466315639 0.4013405130693555 0.3642042144404988 0.1937284382965709 0.3777708256818405 0.3090127163037465 0.2957069915549791 0.4348255639985439 0.4072801682832296 0.3318768817126127 0.3882121071275276 0.4065750318267075 0.3487365835638505 0.402841271426997 0.3083212965339547 0.08388397367086946 0.4124827452813127 0.2559301325624169 0.3250981526366145 0.3773873380548032 0.19255710708084 0.376493772515376 0.3024442410059766 0.4142551046443875 0.386213625101946 0.2930627723633711 0.1506675439132728 0.4095790595593122 0.3019993395395169 0.1877735397752704 0.2125777821522817 0.2296292993416206 0.4281757615972558 0.186828553864308 0.2943153591640788 0.3764905284938482 0.1750701528533499 0.132661029175743 0.3372537067406514 0.1712483399594834 0.1378687475525392 0.22998831428213 0.2100913737098858 0.3284795267464044 0.4235620292844782 0.1729825737319464 0.3895847273634767 0.2169865607252373 0.426700560861586 0.2546391323736694 0.2048784719798725 0.39058836696206 0.4242835322027748 0.4029098637076406 0.3846468937743299 0.3779745871357234 0.3179864060324981 0.3126878404507027 0.1637512061310148 0.1078309035068386 0.2743484608340537 0.1531326499117645 0.219740361259687 0.4162571701279276 0.2788889548885201 0.4255808082103892 0.243334781146591 0.1749469655635116 0.148139587368773 0.1237549093429464 0.4405211730640465
 0.2413674240859458 0.7147594622620046 0.3862145081203598 0.6937865864482676 0.2333631782496294 0.3236924794713757 0.2971399468479972 0.3302055278605994 0.9999999999999999 0.6042290345726206 0.5649786650739071 0.5712734640337209 0.2143451563733606 0.5273418965424126 0.2992599640961529 0.5305107346228218 0.5470109580096277 0.3791459425229239 0.6346905877490517 0.5356419033391032 0.27860705067374 0.3039277494483617 0.3139428162179524 0.7306891017115292 0.6317419506723887 0.2314885989262987 0.5230642222016434 0.4659814304556292 0.4386169891246047 0.5346119957151523 0.6989393650999711 0.5411311094291114 0.6274144745681214 0.7044590185931979 0.4950551629774882 0.7311331190817031 0.60581179686116 0.3068831188405743 0.7154639222585242 0.4634897525115529 0.4148566909737857 0.2808517817811365 0.3184058925720656 0.6617678266183373 0.5524335151065051 0.7218709608253585 0.6576994726664673 0.662930135647071 0.2075219388858844 0.6954049366695085 0.3151240744277883 0.4177019904382983 0.4845328848158185 0.4086138341041214 0.6666355391083143 0.3194254324120756 0.3581950448967753 0.566683826559134 0.2696675147204264 0.4778108643950645 0.5330855613832324 0.2839037042080803 0.3095970884693833 0.3914000545322626 0.3304970873901235 0.4878137634004656 0.7123035338210363 0.3933285016064694 0.3652562169440948 0.3776371315883405 0.6872731444370414 0.4683775822367728 0.3157233166409614 0.648472792865409 0.6129265397771457 0.6004265905882754 0.6613152473777886 0.6902175998153535 0.596881036785915 0.526655975499842 0.3993728730221104 0.1978202562102759 0.3115202364668264 0.385445489061997 0.3529246418283674 0.6074498349107192 0.20098381628965 0.7378642265885723 0.4842858550331253 0.5154323114682476 0.3181875922194743 0.2309288474899317 0.6884413046850437
 0.2354280510266848 0.6313736383801534 0.3629494143360519 0.575424883675591 0.1779435306192796 0.4257109978935136 0.2251454804766695 0.2904568838571677 0.6042290345726206 1 0.5411517147283573 0.4343763225349336 0.1709722836464018 0.3434887943580221 0.234365290246743 0.5543427663662321 0.5261470846124204 0.3634556911039992 0.6141097572014858 0.5263850400111284 0.1968696537565682 0.3288743862701447 0.2849413277884835 0.6380142648809596 0.5976013400063798 0.2185424005335332 0.545324132960098 0.4067162269117141 0.4286118042642136 0.4259950183805518 0.6173311633709313 0.5097667641266685 0.6350393182141758 0.5195191422696884 0.4923443583316776 0.6115644618443965 0.5789298823152743 0.1852568421310719 0.6488764248588748 0.4429281464277998 0.4907830779047078 0.2866276317382676 0.2347604085722556 0.5954246875176058 0.5150533663430661 0.6003199771739113 0.600100409872571 0.4959221895146558 0.1107642103785237 0.5726316340567741 0.2910109843530886 0.4038878812768781 0.4948488941411074 0.3117404618662768 0.5467506172446617 0.1856280227758891 0.4044975314283565 0.5496145426435197 0.1096312263229007 0.5568846851613306 0.4755256253042995 0.2231660110699431 0.2388872010430594 0.4090977521260152 0.3645150789331865 0.4037993108168786 0.6798359463492188 0.5123890918220503 0.346386250631993 0.3762758414574085 0.5887963967181207 0.3808352331497251 0.3324264914524749 0.6261126315194784 0.5409923017985778 0.5289761201650731 0.6098039050092883 0.6190726661899365 0.5090317306560852 0.5153909163061161 0.3417532354439516 0.2104436290509886 0.2551390597650026 0.3548628535854759 0.3424626452054424 0.5800181409024499 0.2411580330955848 0.620552817117349 0.3564041371688543 0.3465130751360692 0.3810851656269224 0.2988952584748472 0.6177101966561103
 0.2615315358429066 0.7873835215160589 0.569439746094708 0.7300981295745708 0.2342200225128055 0.5019054753279745 0.3801690592041224 0.3317376479553847 0.5649786650739071 0.5411517147283573 1 0.4892567300088383 0.1479498828339799 0.5564948602740577 0.2969549166723398 0.3839344891116779 0.782878225556222 0.4266337503754341 0.8837057597173641 0.7278654965964502 0.3559801867993614 0.3056875599877756 0.4336441271442263 0.7233381226431493 0.7482403660003797 0.4988477383465716 0.768750642704589 0.4838899861300904 0.4788237336192926 0.5163106689914677 0.8229194823772167 0.8540733448268019 0.7462437541328152 0.499735416634091 0.8122626940268635 0.7391763715777617 0.685966133556197 0.2688433244696545 0.8594414359152913 0.7301067898881162 0.6314888972839714 0.4036249314649555 0.3513219246607014 0.7838967583889818 0.6988427820652194 0.7299392162101823 0.8692581716077865 0.6533694911377524 0.2307732557958452 0.7228323689580007 0.5025987672588139 0.4940990823842607 0.5092009256614657 0.3923862054379119 0.6834402254942927 0.3727717929502898 0.5330590324292799 0.583497261130059 0.2889160032583447 0.4636383176902616 0.7441906928444754 0.427470711175844 0.4764684588690941 0.5377920080675672 0.396399953510214 0.4988685947008719 0.8064999000216284 0.4275902854328809 0.5092759344377641 0.5260868110479096 0.7664886183950584 0.3328252201523405 0.3634999892874539 0.8373328450500298 0.7077001740762029 0.7605577910283871 0.8112219239855013 0.8272577411182944 0.7305997825385122 0.6004606991183885 0.4815825577887867 0.2692303831819256 0.4538983570283585 0.5242146150285629 0.4371353140799363 0.7990648705691382 0.4260970772297265 0.7578487111464569 0.3733409145689768 0.4054933394312074 0.3366886918681614 0.385349363892509 0.8181028473152154
 0.1761313099300221 0.6123639207927348 0.3486402283515415 0.6271457354603374 0.09019077705252031 0.2675796241637525 0.3469157496172584 0.3193367615811002 0.5712734640337209 0.4343763225349336 0.4892567300088383 1 0.2668857870142642 0.5259090192007786 0.237685683423829 0.4264159612294287 0.4554606874382797 0.3472494701954581 0.559468767895672 0.4423761405317659 0.239940877214397 0.2809475651190502 0.1816990135240691 0.6406471023922703 0.5878269905426666 0.2941540289278545 0.4688826802104856 0.4047380803539874 0.3620871878151991 0.5204971431748237 0.6088940598530408 0.4979444736890749 0.5384339562885311 0.6124530185060928 0.4406799008996202 0.6276479447336551 0.5146676605376528 0.2711799745908622 0.6371847065576199 0.3852773987774601 0.5041612576350909 0.3086451285020488 0.2511592136685648 0.6036946389629428 0.4664315914188117 0.6432618366391598 0.586191221669033 0.5194656897159581 0.157083840275336 0.6055701344094794 0.3549428303764864 0.4515658926119537 0.5121957873854237 0.3543792272538823 0.5769241334197734 0.358151443469927 0.3493896328402483 0.3445647557834767 0.3558928535326814 0.4102450521004601 0.4643241893563389 0.3523071284369371 0.2723553472131556 0.3566764559667837 0.5183323860612447 0.4174105921756804 0.6262984758674165 0.3180947135082035 0.3327770559758738 0.3657955587685089 0.6080457193252577 0.371836437904286 0.3310611240226274 0.5739701522771229 0.5386732753673952 0.5388263967538374 0.5873896700030456 0.6062746664441688 0.5661802060746649 0.4654687299542782 0.3473525498148568 0.2662253350364248 0.3613822809183237 0.337734332960632 0.3881815486036491 0.5568339353274493 0.3576929101961627 0.66902139412637 0.3912734399343687 0.3536045551031722 0.2236283674193646 0.2243351056316871 0.5982873461261542
 0.2718917049013077 0.2297888724770827 0.1524864746097686 0.2142102643815953 0.2445506396395088 0.1024392790926796 0.07261523162167809 0.0958584076732681 0.2143451563733606 0.1709722836464018 0.1479498828339799 0.2668857870142642 1 0.1785956134200696 0.1238295888846646 0.1747230139031477 0.230216283901663 0.09098079714340027 0.2110341281701082 0.2054090304992358 0.008549193489706163 0.1881749963894152 0.1268117154841735 0.2177250518309594 0.1654955518802394 0.1895267346493541 0.1990078686322125 0.2505315002409998 0.047866307390004 0.2595505627850071 0.1857793815756663 0.2190805715487257 0.2020981864522959 0.2225688042922636 0.1996756243395307 0.2410303992388616 0.2825067508516571 0.1237941346471418 0.2054286887197052 0.1791643517171604 0.1121979174739427 0.00137923348171894 0.05370828600304763 0.2211923291828231 0.1111748138149602 0.2195008260202951 0.2308183389475683 0.1844133003849445 0.03784191469598536 0.2445942725675201 0.1304341559127646 0.1207770749980491 0.1428222960085775 0.01689782760319497 0.2488379400942126 0.290678371886593 0.08844935749815583 0.1303948794381991 0.1993782645812472 0.1041016654564632 0.2314360106668359 0.05672186420520214 0.1528987533879392 0.142099894916096 0.1427492203776 0.2218732609371749 0.2181881776697192 0.04440433595732187 0.1133747213120157 0.1315206305896515 0.2136284845782168 0.2468361583862867 0.1015225960886763 0.2223298935783007 0.2289735179486148 0.1996999480734065 0.2324406186166203 0.2450957210405771 0.09830296041680255 0.2294813372485236 0.1889147950966241 0.2763575316544228 0.0773713905080539 0.03627255180556657 0.188514902935377 0.2396474762385503 0.2114325022129505 0.2348860294649246 0.09805747129157985 0.1746097277561837 0.05790948490077902 0.004171080707369662 0.2398114031356807
 0.2885177150394249 0.6201487717053733 0.3890340293346188 0.6207264388614411 0.1779579911165502 0.3444974053769109 0.2585481294646037 0.1307353359551545 0.5273418965424126 0.3434887943580221 0.5564948602740577 0.5259090192007786 0.1785956134200696 1 0.231595028524899 0.3315668978135293 0.527348999088793 0.2864224718860872 0.6028012315614165 0.5140352959316249 0.2065709616761704 0.2544396863718321 0.248462473308271 0.6313230380761126 0.5500813998727025 0.2881609169107839 0.4962080081279852 0.3993749065573864 0.4165246774661025 0.454167495411139 0.6567315560182153 0.5287914316656979 0.564114663606471 0.5777596180351154 0.4871638364974177 0.6551344468568057 0.5106070807275052 0.397025950770955 0.6331492260398547 0.4194077762234466 0.5002845744526829 0.2797715275067708 0.3962824481158772 0.6149720831874621 0.488504849874525 0.633643841850916 0.6178240996068205 0.624372576953842 0.1489887845019139 0.6148438308252594 0.3299057835018541 0.5479266039225372 0.5412005842429921 0.3428247047413004 0.5947626855410872 0.4123262360709289 0.4150997921961522 0.399682003212239 0.3911066609883494 0.3985147645515937 0.5202299504384345 0.2462657276628306 0.2912214837867633 0.4505984629583097 0.4440840396813009 0.3273253726225606 0.6195721945884335 0.3956168893514218 0.3195901315215897 0.302177945435336 0.6224837422903114 0.3567856246539997 0.3437034444217292 0.6073907343809014 0.562695979366806 0.5997764329725973 0.615941401635412 0.6138498858265065 0.5482560883463852 0.4831757417634017 0.3707709284776977 0.1858674577772718 0.3238112152305009 0.34779115185564 0.3238576723708286 0.6161330077615701 0.3055874350600936 0.642928355062574 0.4213467562136127 0.4441664407179663 0.2980704728848856 0.2373771447771819 0.5901794116237191
 0.07710096372804423 0.3833119788520113 0.2990676363641154 0.2889408460585711 0.110427174192271 0.1140374861847324 0.2508988761409222 0.187619113496626 0.2992599640961529 0.234365290246743 0.2969549166723398 0.237685683423829 0.1238295888846646 0.231595028524899 1 0.1905675706711427 0.3918011861699667 0.1800074276360147 0.3434130064007085 0.4366828753739231 0.1364931625316421 0.3086803704502815 0.1621754257063717 0.2561891258893461 0.2679444552187932 0.2036638209319606 0.2944194716947601 0.2519933901549766 0.258044189058487 0.2645790249509816 0.2976743373862148 0.3378190007003226 0.3201896590068521 0.2688802345269075 0.3256188901065404 0.336616760417792 0.3160878176915028 0.1302626974196505 0.3273599364230095 0.3683733676763723 0.2848823202452349 0.2254526211887747 0.2289068186923897 0.3546483606373096 0.2865374977998126 0.2600103651492122 0.3325442417822716 0.2486914168184586 0.1262895319861896 0.3426451600243006 0.2043028062318054 0.194722256667806 0.2001967997942592 0.06681671894382678 0.3739813094520692 0.3284294708709089 0.3067888117364223 0.2263504469826577 0.152902956761393 0.1256731000999932 0.3729102540229816 0.02907850287239384 0.1569906101433215 0.2087654656901231 0.1779123410067779 0.2928179619448373 0.3258631890570101 0.1947375208417617 0.1364475845076071 0.2403029543469946 0.2990425202811146 0.2924621042922557 0.1407660121750542 0.3364254773852968 0.3562623363758033 0.2616745378838282 0.2910053131844036 0.3769552355006253 0.1124733847247917 0.2807835380455488 0.2267187310771889 -0.01715734905414204 0.1338804656991832 0.1197669136627943 0.2079482635053368 0.3066094432267962 0.1904578378124576 0.3152892726466291 0.1424304123597472 0.1174242876213493 0.05201710824537695 0.01706507062560463 0.3637008715882211
 0.1467376998378122 0.4567936477177667 0.3422948904305633 0.5543626258455929 0.1115364994666106 0.1795418517754676 0.2685197255888493 0.3371886191203845 0.5305107346228218 0.5543427663662321 0.3839344891116779 0.4264159612294287 0.1747230139031477 0.3315668978135293 0.1905675706711427 1 0.388151494919386 0.3590007126857814 0.4395472830847556 0.4601813997189898 0.2278569209160828 0.2333288466717511 0.2870565497661238 0.5827570554003435 0.4264367983073796 0.1906625907740496 0.4413987932356903 0.4164557085323355 0.2815170654102928 0.382345230693436 0.5631685107815412 0.388859776533002 0.4468410361044891 0.5493131148609334 0.3778624328074596 0.6056201501580998 0.4596874807308033 0.3077944878303884 0.4877537514773312 0.314618065588761 0.3652418249316758 0.3069827273968393 0.3230150062223419 0.4963173857745334 0.488310384676512 0.5618767273428881 0.4831487646202791 0.4665470227666147 0.150555903415866 0.5582308833539605 0.2066372899848808 0.338415975838073 0.4291450522857826 0.2738681379818659 0.4953640466506591 0.2317743755988196 0.3100123565507312 0.448224917657807 0.3230200172744342 0.3778067505960174 0.4449879236216948 0.2021954811152027 0.1544292485211738 0.3636928061375692 0.3337194897540983 0.2856660813227571 0.5281549673851254 0.2750111274083074 0.2961402681531845 0.2609402864200097 0.478430982750176 0.2546245664590117 0.1700943697670421 0.4511023210116401 0.4786253731346216 0.440063910858727 0.5748311218295842 0.4543741649561552 0.4458986208809331 0.4119746664687261 0.3505091958354564 0.1237167391475529 0.186603446050001 0.3071349549679105 0.2960094050427801 0.5450681388687181 0.2247872174096537 0.5717558600562478 0.5967548259245148 0.3569966140363027 0.1809903751129164 0.1994976313968954 0.47368287681871
 0.3022105676426929 0.8066530922201184 0.675738557900552 0.5817642218790197 0.2832875190398704 0.4417342464787769 0.320509422076559 0.3567934602092376 0.5470109580096277 0.5261470846124204 0.782878225556222 0.4554606874382797 0.230216283901663 0.527348999088793 0.3918011861699667 0.388151494919386 1 0.4132175101820453 0.8923653645647368 0.8755703920360364 0.4265456539011634 0.3692768532143875 0.4342109782133549 0.6109099707633349 0.6774679864477942 0.5431256016090115 0.8230670362793385 0.5447814772663578 0.5186822320888863 0.5809419873955097 0.76485333316036 0.8468914114347484 0.8439417012860146 0.5306093342302515 0.8839967652808176 0.7206267109048872 0.6928561538671453 0.2727635874494473 0.8083257319206872 0.8855206537032662 0.6446721428053354 0.4112572570814319 0.3960682426583895 0.7721453379639689 0.6710862001246393 0.6780028283854783 0.8459194166865496 0.6963387662185792 0.259018807989347 0.7332927412464343 0.5329592135946873 0.4700360648869963 0.5080955270410601 0.3972853009785165 0.7564022447971435 0.4325412466215448 0.4604001512982966 0.5698614699368941 0.3318409547120501 0.4707566032354126 0.8417123379953555 0.4404998721971188 0.5040081132767871 0.5743167141995748 0.4156865675694485 0.5764178622496098 0.7989611358684148 0.4535873670895689 0.4988984529443933 0.5163287085930309 0.7350377726601484 0.3987051573470837 0.3905396124545358 0.8298320934805071 0.7928775199495571 0.7195583265779389 0.7600740736806199 0.858284315289203 0.5795526163790283 0.6024858811117781 0.5238390033570356 0.3292094878695887 0.4940677549003025 0.4630279885599065 0.5125197045465658 0.7971383257766607 0.4068966601328808 0.6941772959026752 0.3528341265123762 0.3396524241486756 0.3143629162344674 0.3697826504895687 0.8895708184518872
 0.03736627817097735 0.4709052797169194 0.311626710883962 0.4262786732416032 0.03050329049255679 0.3045599460103193 0.1359379123243299 0.2267206336042671 0.3791459425229239 0.3634556911039992 0.4266337503754341 0.3472494701954581 0.09098079714340027 0.2864224718860872 0.1800074276360147 0.3590007126857814 0.4132175101820453 1 0.4943044399487257 0.3871899034168931 0.1626733752419092 0.1875470461118754 0.194068232128137 0.4469616607605094 0.4723865542413849 0.3722006342327804 0.4614290467986616 0.2920637493859646 0.3042996558474107 0.3136380141432077 0.4799366704405768 0.4684651832719002 0.47571117477157 0.3395437166929549 0.4367295964974702 0.4596243398113532 0.3985791681076348 0.1545683394361215 0.5048032220102573 0.3670545905130314 0.4032964821659499 0.3386931163212498 0.1075855158403185 0.4808346825348773 0.4199902894309478 0.4596824991829326 0.4838084803486402 0.4670432771490881 0.1111929004223221 0.4248767677108145 0.1829685715632952 0.2491450682354484 0.4595455902292246 0.1729812334786122 0.4240427943981053 0.2717814502894862 0.1322675691239897 0.2852388189298737 0.1870250279866415 0.4392263685827673 0.4005265798710136 0.2718939734581899 0.2402595434420408 0.3300642614365147 0.2100128606530314 0.3663623651280369 0.4993836748489078 0.2850408641597162 0.3900440802163633 0.392515708522091 0.439859443080054 0.2583291849969313 0.2762895238235767 0.5014964978925232 0.3636495049602457 0.4088576020943121 0.4718647076337605 0.4590165442539729 0.3397156657757431 0.3497778860827334 0.3386088407385445 0.1800006978316413 0.3035192584478583 0.3555545984239866 0.3857509629921694 0.4619705342428619 0.263421428513315 0.4643545645199047 0.3298216487277129 0.211500392906007 0.2056064123918719 0.2924970140986031 0.4709645396862651
 0.3339679714260215 0.866601442932716 0.6321621923413843 0.7630078752995085 0.2423816643050388 0.5248953624890713 0.3697339020981214 0.3813406102299874 0.6346905877490517 0.6141097572014858 0.8837057597173641 0.559468767895672 0.2110341281701082 0.6028012315614165 0.3434130064007085 0.4395472830847556 0.8923653645647368 0.4943044399487257 0.9999999999999997 0.8328128457262832 0.3746371607479239 0.3608264883037056 0.463894010086468 0.7798851229941806 0.80962508218478 0.5188702179011919 0.8709047956502964 0.641275097810787 0.6092471616293093 0.6407629955021975 0.8864046392446822 0.8876586379446038 0.8940721506736435 0.5957644463910166 0.8973088229863698 0.8053082452212528 0.7890450175351843 0.2503950684455357 0.9371221023717614 0.8367250505030995 0.7464582183538515 0.4482685618095087 0.4196822150974987 0.8640850175877052 0.7557370865639123 0.8006567827223173 0.9483558549409121 0.7715239398352468 0.2222433097187972 0.8020318219402207 0.5608898702287365 0.5723849061895073 0.5822281605106963 0.4400978476646481 0.7538510832828478 0.4655673320790553 0.5159688780189997 0.6347214269548093 0.384195541158455 0.5633209585929821 0.8402830329099561 0.4685008107286018 0.5054007347477452 0.6037141388861202 0.4722189038546413 0.5946165749002832 0.8781457905903483 0.4292380808344706 0.5604045044711365 0.5745425422895111 0.8635279140072137 0.4762620483713695 0.4748646946527988 0.9378773398825346 0.7939123982477021 0.8354820397606159 0.8747660998173977 0.8997633946476729 0.7247311514595163 0.6797782420161249 0.5600913266142737 0.3111205647312038 0.5046942886916647 0.5378812423242784 0.5731757121297475 0.869822904599118 0.453387265282022 0.8160565266500207 0.4152521423210422 0.4472649290966744 0.3796833911070892 0.3916717700962864 0.9182909170911417
 0.3210365924339434 0.757966242099462 0.6130073370949546 0.5910375052902763 0.2962127611121268 0.4084097475699078 0.3333054083601186 0.3519524547835806 0.5356419033391032 0.5263850400111284 0.7278654965964502 0.4423761405317659 0.2054090304992358 0.5140352959316249 0.4366828753739231 0.4601813997189898 0.8755703920360364 0.3871899034168931 0.8328128457262832 1 0.401945561539567 0.3559618644668177 0.4129476502026819 0.6258591871317499 0.6487457681937232 0.4509826004628233 0.8429841356675123 0.5960473618155893 0.5059804160151088 0.5672384800488204 0.7355364502053422 0.804784677325091 0.7962336422750905 0.505536372796029 0.8211026348310069 0.7219539633932369 0.7031567443715845 0.3194015715243705 0.7845357852950989 0.822762193265789 0.651933596608762 0.4092452193941575 0.4068647747462664 0.728879008452523 0.6976247489932003 0.675119737202637 0.7891473759699458 0.6614013399964355 0.2627191839585262 0.7185987241713747 0.5141747448647533 0.4671994403815966 0.5235142862131107 0.373307918609448 0.7643344703347841 0.4402088069700948 0.4288859151075736 0.5539360889445937 0.2994981309255086 0.4352354945866124 0.8010238202517002 0.362458559559976 0.4100918829019859 0.5035128237422339 0.4558755858718792 0.5264242654555826 0.7796347318323238 0.4017442531595983 0.4985325172331249 0.433466488891226 0.6926593685378127 0.4032632097214296 0.3823056792250197 0.7645567574169535 0.7647461773478189 0.6809503430751724 0.7704926690025976 0.8059308785115253 0.5558252219661147 0.583011144747919 0.5122497714958351 0.3154352333557917 0.480695079666732 0.4886574162515913 0.5063168177200831 0.7868826285413794 0.4130900613119001 0.7187154888026899 0.3957715931652848 0.3467336952344826 0.2461626948461918 0.2938495838719292 0.8436487648345828
 0.1319001589444087 0.3026142634899175 0.3669856927177164 0.3313156331513032 0.07528359651473684 0.2237685605920857 0.1039981931782241 0.1919398718027694 0.27860705067374 0.1968696537565682 0.3559801867993614 0.239940877214397 0.008549193489706163 0.2065709616761704 0.1364931625316421 0.2278569209160828 0.4265456539011634 0.1626733752419092 0.3746371607479239 0.401945561539567 0.9999999999999999 0.3790110268974368 0.1447984976960347 0.2988683299913952 0.2555548704981959 0.2661061150996263 0.3800984466937021 0.2441584398148231 0.1093234811132109 0.2223839924908676 0.3255545110815949 0.3921576649357744 0.3354801386082185 0.2960518337356084 0.4043465427029891 0.3704088826521892 0.3635819133398056 0.2712750884660681 0.3564716074245161 0.4155095778414232 0.2347990066072314 0.1801038404513453 0.09591793140541525 0.36812743777963 0.3077663962290522 0.3068638078936428 0.3439791851236276 0.3049169347974819 0.3884952499282153 0.4111971874546858 0.2317559490507823 0.1678621689494566 0.2324026701449663 0.1819446508347062 0.417959466079096 0.2042913359960525 0.1775793136891869 0.2839577288229208 0.1008735262296947 0.171585679700024 0.4550223006788537 0.2421066410952514 0.2559249443268304 0.2288305829526796 0.1571993741991253 0.251820770620126 0.3360806763708289 0.2623246777098395 0.2846485125557954 0.1871359698542668 0.3406693559131119 0.08029417573243844 0.1141433219279429 0.3540983193577981 0.3781256947223583 0.3756232897785372 0.4199341334748527 0.3874543036867925 0.3257928864335493 0.2375890031647538 0.2379484171978425 0.2105445889452631 0.2274366766927604 0.1806835710253808 0.284453864631812 0.4032839613098353 0.2319361151746362 0.3616368964459654 0.1821215388504864 0.3175169544758364 0.1925139996290396 0.1268460911456881 0.3920164028463037
 0.1652603980712589 0.420167052559432 0.2555750889537183 0.3869202231078334 0.1066195901311307 0.2460593567764635 0.08703306049039833 0.1945117967149764 0.3039277494483617 0.3288743862701447 0.3056875599877756 0.2809475651190502 0.1881749963894152 0.2544396863718321 0.3086803704502815 0.2333288466717511 0.3692768532143875 0.1875470461118754 0.3608264883037056 0.3559618644668177 0.3790110268974368 1 0.1997932645138923 0.3700068622014743 0.3227911169944756 0.1025346428502092 0.2848855429980508 0.3085296374865797 0.2175071091443735 0.3049177057836917 0.3559117661564523 0.269086258802009 0.350566894649693 0.3747089945296072 0.3026804448150583 0.3739574715891572 0.3078863669480113 0.1597260651341254 0.3803436396939954 0.2870477886093145 0.3039721851776396 0.1897524351421646 0.1197725034584604 0.351466107446546 0.2531459542975186 0.3484691165245863 0.3660249542965001 0.3562792885086653 0.2306331673031063 0.3876262670448505 0.2796672614710328 0.3202621927953163 0.1618920601090114 0.1309781013744621 0.4373643180954415 0.1452056042403849 0.2054471921316829 0.3130392365448165 0.1844998334778101 0.3406674678055099 0.3002240420723802 -0.04086262704509663 0.2873269702485737 0.2295537132407174 0.3197060846344384 0.2652547997642591 0.4283971908330115 0.2488958730331756 0.2408122362073821 0.05182073317488205 0.4143534386898877 0.2640398913335927 0.1716446085460853 0.3940533933247767 0.3028287066720475 0.3204210971995409 0.3492676570959451 0.4429623964854882 0.3201195467054843 0.1874599180100087 0.1759108982062257 0.1890044464879093 0.05298610302094627 0.2274419387950049 0.2539446876271064 0.3682152193808282 0.0327054590147684 0.4181577506053247 0.1683516960925254 0.1878660618042814 0.1264206908772556 -0.00738624965209543 0.3854568422632626
