# Created by Octave 3.6.4, Sun Sep 15 23:17:03 2013 IST <anant@anant-Inspiron-N5010>
# name: sim
# type: matrix
# rows: 7
# columns: 7
 1 0.2231481467510905 0.2723571551930977 0.2930000690018667 0.107902208219714 0.3265622460480679 0.19758658866772
 0.2231481467510905 1 0.5269655601723915 0.6506040555561352 0.254944240897576 0.5837847134504272 0.439749095210452
 0.2723571551930977 0.5269655601723915 1 0.6142670510815766 0.3070783330055276 0.6703894593360636 0.3531696072221955
 0.2930000690018667 0.6506040555561352 0.6142670510815766 1 0.1703931444390162 0.7399976252519535 0.5285516191345611
 0.107902208219714 0.254944240897576 0.3070783330055276 0.1703931444390162 0.9999999999999999 0.2105849346909774 0.2017534560543599
 0.3265622460480679 0.5837847134504272 0.6703894593360636 0.7399976252519535 0.2105849346909774 1 0.423659925853774
 0.19758658866772 0.439749095210452 0.3531696072221955 0.5285516191345611 0.2017534560543599 0.423659925853774 1


