# Created by Octave 3.6.4, Sun Sep 15 23:17:03 2013 IST <anant@anant-Inspiron-N5010>
# name: Theta
# type: matrix
# rows: 7
# columns: 255
 -0.1008467685793938 0.09828382536767631 -0.1573633959821406 -0.5087425966046072 0.1950720459479029 -0.9468688159443929 -0.00156395407631649 -0.001701419203335111 -0.01589486021385973 0.2014748208361968 0.1890212123370543 -0.03285711010396015 0.2561983598435815 -0.03745823936279171 -0.2552941860833142 0.06585365636566314 0.1428796178242391 0.4920578669016821 0.356290193926963 0.335567657015805 0.0619271895779587 0.03614133147410628 -0.1110561382330733 -0.1398797335985163 0.1969130692174652 -0.5468826227660866 0.09604461304741664 0.01666118742603571 -0.4306582260662625 -0.4662833355835839 0.2075170327167513 -0.09489076272429728 0.3607751132300882 -0.01252755540187505 -0.05531711908790528 -0.1228138954141504 -0.6527094656750542 0.5669920362304369 0.5617263139663926 0.4631797866038663 0.1177004970528963 0.01046102252814648 0.2908132555294765 0.4727715748566799 -0.2529747380329808 0.93227881861671 -0.04661398960557493 0.240958379978661 -0.5094972261837033 -0.2898487093747213 0.007252008397476598 -0.09278061552176778 0.1606390259673783 0.2744437699216983 0.1797743062603721 -0.3379636932697783 -0.693699520501774 0.01058251879278621 0.1054055974766754 0.001574265240533392 -0.07567659453634612 0.1393733476519154 0.2625661614869133 0.01657123169894022 -0.1167911421501717 -0.1893771843211165 -0.1920608647198311 0.4132660392023225 -0.3612211203032604 0.2131440905459591 0.1742485929962951 -0.1173503789833783 0.3485559390348618 0.3585543781766773 -0.1140530337263885 -0.2813413180915085 -0.1796152065705263 0.3593940426177966 0.3058300648025986 0.1812321333433267 -0.1087275432394708 -0.07511569050292086 0.2020525886750898 0.6145422104706639 -0.1801265129440173 1.122038831320562 0.1190376134016084 0.1161479641868759 -0.2607768884401217 -0.3016649762636205 -0.1201605053398299 -0.02373104142481008 -0.04265895909157374 0.1178870333799909 0.2880428542910442 -0.1637512004015726 -0.5305473625706671 -0.2028138949298927 -0.1116141331474159 -0.1472794662908958 0.004931059842424326 -0.05535041655196616 -0.41995746064897 -0.3629121658577733 0.1994038961169731 -0.5812806482037548 0.1043744480794642 -0.2649436852584865 0.5786280179376359 0.3619009277529955 -0.08403107968391839 0.1247510099511561 -0.2465732430172623 -0.2565577388262279 -0.04411816074302251 0.4399659439450435 0.738583042933573 -0.1405464877245023 -0.2331287909864876 -0.08909889992174931 -0.06076573598587908 0.1169526261848038 -0.003638168697909182 -0.3292854331666654 -0.1854164370725337 -0.4511085937777876 -0.3538074193282948 0.09662622922934573 0.3373308771104479 0.7898953658562951 -0.02964473336946572 0.03817623201764918 -0.06124477752257076 0.2843153062110972 -0.2016866314285322 0.1060770378789676 0.7756273104390706 -0.206277348751072 -0.2282207254631628 -0.1831143812163598 0.1025718187826944 0.07717952447700563 -0.257361922168586 -0.5950384710667996 0.1388869018952079 -1.103815229867569 -0.1576428099921953 -0.1241146863936858 0.4129430383000229 0.5535582188763937 0.0934896355922441 0.05659146770813064 -0.0243746711322582 -0.1220370278535395 -0.2647562577597393 0.3622101541376108 0.8351117772014269 0.144043198034655 0.007502244315966547 0.08143719471820893 -0.03378167306508575 -0.1108132067213386 -0.4280918516703084 -0.3343524205524486 0.2392638815442968 -0.4355842652316816 0.1037136213191702 -0.3709987990938738 0.7460990311650257 0.3933696603643099 -0.1892268320802915 0.166458387276756 -0.3928122073617556 -0.3749445356600791 0.02165406913899931 0.5432182656731201 0.8997750911654948 -0.2465560489731344 -0.4307696562938277 -0.2363139140113665 -0.08711484001229111 -0.03385371753021343 -0.06879367991519321 0.1079813795852679 0.05639861479290471 0.1352983234827734 0.1645530825682513 -0.06775303589209646 0.02999861759045058 -0.03869662799571334 -0.008529875517330107 0.02685189871733262 -0.01905007837524661 -0.0961237351990083 0.05750118580684001 0.09643856796347838 -0.002026731334669339 0.04393025493353963 0.02119930955076682 0.04173320189883788 0.02990900737891278 -1.377833174753385 -0.5810586383035514 0.9327109756003726 -0.2719273899790879 1.135974873035529 -1.114470175583072 -0.8682404963790937 -1.720589315155346 -1.054478603334176 -0.1743971888840052 -0.08536801755869089 -0.5321082996967894 -0.5658612766149216 -0.2777403195633107 -0.4586685836332149 -0.2337314098535925 -0.4706869192323583 -0.3287626587489474 -0.4635940615280743 -0.3715066162740621 -0.3755454814746448 -0.01156976188581742 0.384192554516177 1.080365370664413 -0.2010926565857589 -0.044124985681291 -0.450326466661164 -0.5892845844206185 -1.22640432127687 -0.4195932854232706 -0.8698583363584081 -0.1648867572557643 -0.0260904221839595 0.3828608528110596 -0.07643299631659814 -0.522130657589462 0.469755923575586 -0.9851519583883198 -0.4420332269474403 0.4218978506548172 0.3207545246781496 -0.7162428470629267 -0.5590289486648754 0.1096571371374512 -0.1697529587301332 -0.9716526565417811 -1.512985239216453 -1.058119511600105 -1.070201049450219 0.8553699375212436 0.2432804295249983 0.6072590432660907 1.156294762277858 -0.2943799751443102
